0.275910
0.334962
0.341057
0.371293
0.386920
0.388630
0.390646
0.391591
0.394158
0.398018
0.403465
0.411970
0.412452
0.412817
0.416813
0.423199
0.426841
0.434286
0.434685
0.439746
0.443413
0.443461
0.443612
0.444656
0.446544
0.460939
0.463891
0.465907
0.470352
0.472972
0.474588
0.501936
0.506116
0.509740
0.509956
0.513576
0.515765
0.528009
0.555264
0.577835
0.587066
0.616864
0.689016
0.755482
0.788369
0.808695
0.843912
0.845724
0.861095
0.866088
0.868376
0.869585
0.878230
0.900057
0.958892
0.973167
1.003772
1.011401
1.017241
1.019965
1.022784
1.022811
1.029634
1.032037
1.052680
1.058933
1.076579
1.081622
1.110023
1.115375
1.127450
1.132957
1.145342
1.147704
1.154987
1.174601
1.180045
1.182036
1.187258
1.198810
1.210624
1.212578
1.261184
1.267018
1.267777
1.273390
1.282610
1.300897
1.326752
1.338079
1.339607
1.395563
1.408614
1.495111
1.642898
1.749026
1.889176
1.895556
1.955488
2.047427
