0.617396
0.677553
0.683805
0.725615
0.770329
0.801344
0.827408
0.834091
0.836653
0.857343
0.860487
0.863623
0.881084
0.884267
0.889550
0.914776
0.917064
0.918182
0.920026
0.921844
0.923776
0.923990
0.938026
0.939498
0.941943
0.944139
0.945175
0.949576
0.953278
0.953307
0.978114
0.979960
1.006109
1.009963
1.017351
1.066214
1.068720
1.074417
1.078536
1.092280
1.123310
1.132289
1.158574
1.159613
1.161987
1.222385
1.310375
1.371241
1.379288
1.521264
1.536066
1.591193
1.741610
1.757200
1.796344
1.829584
1.842225
1.898279
1.911051
1.996262
2.000472
2.025023
2.079287
2.144612
2.196246
2.200721
2.217499
2.219570
2.229087
2.235808
2.236457
2.285653
2.376321
2.382566
2.399083
2.399822
2.411864
2.411913
2.414638
2.431091
2.432025
2.442098
2.469709
2.515035
2.515900
2.523271
2.538962
2.566348
2.593975
2.597033
2.614502
2.622525
2.674539
2.714479
2.720309
2.743399
2.781937
3.007502
3.179233
3.625492
