0.046176
0.048749
0.053148
0.053409
0.055209
0.061309
0.080242
0.080414
0.081729
0.082032
0.082543
0.083573
0.086744
0.088487
0.089026
0.089562
0.090413
0.090762
0.091336
0.092284
0.092757
0.095982
0.100829
0.110655
0.111463
0.112244
0.112692
0.113412
0.113763
0.114014
0.114295
0.114622
0.115278
0.115327
0.115420
0.115830
0.116343
0.116788
0.118428
0.118774
0.118863
0.122331
0.124179
0.124732
0.127756
0.128166
0.140287
0.141242
0.141491
0.141845
0.142832
0.144036
0.144126
0.144203
0.144233
0.144606
0.145393
0.145443
0.145495
0.146743
0.146879
0.147128
0.147330
0.147935
0.147951
0.148025
0.148709
0.150375
0.151710
0.151847
0.151985
0.153369
0.155021
0.155248
0.156686
0.163877
0.171684
0.173891
0.176166
0.176562
0.178729
0.179956
0.180183
0.180185
0.180675
0.181129
0.183774
0.199631
0.200579
0.205000
0.208527
0.213547
0.220279
0.237779
0.239098
0.320761
0.367914
0.372510
0.396346
0.582553
