0.055297
0.056286
0.057140
0.070808
0.080753
0.081155
0.084632
0.085450
0.086277
0.086341
0.086382
0.089156
0.089857
0.091216
0.106707
0.111423
0.113776
0.114049
0.114465
0.114648
0.114810
0.115158
0.115289
0.116108
0.117335
0.117710
0.117956
0.118120
0.119009
0.119146
0.119450
0.121565
0.123881
0.137107
0.138260
0.138768
0.139205
0.141316
0.141574
0.142224
0.143150
0.143380
0.144256
0.144850
0.144983
0.145476
0.145816
0.146352
0.146917
0.146976
0.147020
0.147369
0.147530
0.147551
0.148345
0.148636
0.148921
0.149275
0.149351
0.151530
0.151766
0.152644
0.155933
0.156408
0.157264
0.159263
0.163762
0.165332
0.173175
0.173451
0.174899
0.178397
0.179618
0.183408
0.183968
0.195013
0.200402
0.200691
0.201840
0.202359
0.202657
0.203731
0.204633
0.205161
0.205673
0.207079
0.207406
0.207679
0.208110
0.208521
0.221622
0.234881
0.238395
0.244143
0.263821
0.276820
0.278085
0.315231
0.318853
0.670811
