0.159066
0.184066
0.185337
0.192697
0.216494
0.223578
0.239535
0.253340
0.270860
0.279742
0.291440
0.294622
0.305384
0.316684
0.317253
0.331264
0.331907
0.355592
0.366379
0.375251
0.378862
0.393507
0.404023
0.416353
0.418550
0.423800
0.438834
0.447242
0.456397
0.456800
0.465103
0.466071
0.480312
0.486482
0.490543
0.496564
0.540976
0.541209
0.542796
0.542961
0.550178
0.577899
0.598812
0.629560
0.633430
0.708314
0.731692
0.741336
0.759548
0.759859
0.784447
0.797261
0.829189
0.860953
0.862218
0.871682
0.874543
0.908310
0.935229
0.935346
0.941362
1.003608
1.010993
1.029990
1.063570
1.066534
1.076989
1.100837
1.101195
1.124852
1.141112
1.141863
1.217360
1.221535
1.237724
1.241840
1.262043
1.278775
1.297494
1.312878
1.315699
1.346398
1.350952
1.352402
1.364657
1.472620
1.506883
1.593151
1.649040
1.695993
1.713611
1.751566
1.805226
1.837047
1.899218
2.003536
2.010690
2.050056
2.062913
2.474478
