0.050511
0.054297
0.058741
0.059156
0.079442
0.079650
0.080362
0.080641
0.081985
0.082261
0.082993
0.084587
0.085544
0.085923
0.086162
0.088966
0.088995
0.094531
0.096123
0.109547
0.110121
0.110161
0.111082
0.111949
0.112424
0.112545
0.112955
0.113912
0.114192
0.115173
0.116086
0.116433
0.116800
0.116924
0.117180
0.117657
0.118497
0.118585
0.119053
0.119153
0.119386
0.119539
0.119992
0.120176
0.140980
0.142680
0.142938
0.144320
0.144654
0.146099
0.146373
0.146677
0.147149
0.147629
0.148474
0.148881
0.149193
0.150094
0.151650
0.151661
0.152048
0.152597
0.153456
0.154150
0.154817
0.156015
0.162354
0.163799
0.173785
0.176495
0.177136
0.177474
0.177502
0.177627
0.178583
0.179070
0.179467
0.180202
0.180619
0.181565
0.182264
0.183166
0.185578
0.188282
0.190337
0.203066
0.203846
0.204499
0.206855
0.207462
0.210381
0.210429
0.210724
0.212850
0.214275
0.214334
0.216531
0.266959
0.272408
0.292116
