0.312574
0.412270
0.412510
0.420085
0.430584
0.433546
0.436541
0.442743
0.469475
0.472399
0.497411
0.497550
0.498495
0.501863
0.502486
0.507137
0.510055
0.511240
0.527310
0.529391
0.530557
0.555827
0.556858
0.559946
0.569013
0.594203
0.600331
0.601676
0.608810
0.621833
0.624237
0.625491
0.626529
0.649906
0.686870
0.695302
0.709958
0.711144
0.714215
0.716112
0.721978
0.732992
0.740362
0.750271
0.782426
0.787200
0.808452
0.810220
0.812339
0.816198
0.838022
0.841643
0.864069
0.877390
0.906650
0.945947
0.961187
1.059593
1.097494
1.097573
1.124914
1.150658
1.175684
1.232280
1.238916
1.242544
1.281414
1.285128
1.322252
1.356868
1.366696
1.401731
1.420512
1.491296
1.508828
1.527900
1.530758
1.589222
1.595033
1.608143
1.697435
1.700537
1.723923
1.793066
1.832610
1.873527
1.910776
1.980103
2.005479
2.050855
2.066352
2.067835
2.079342
2.080778
2.097911
2.132022
2.158893
2.160406
2.165435
2.609688
