0.249279
0.314368
0.346837
0.375044
0.411842
0.415196
0.439665
0.460422
0.464807
0.478277
0.485464
0.488532
0.529085
0.537167
0.564665
0.666005
0.704611
0.727011
0.803629
0.812135
0.822826
0.844640
0.921772
0.949495
0.974003
0.974828
0.990590
1.009065
1.020320
1.031283
1.046944
1.082281
1.101749
1.114359
1.122783
1.133046
1.134537
1.140313
1.146558
1.160839
1.185335
1.195849
1.200041
1.211645
1.218964
1.276268
1.280341
1.284065
1.312131
1.340276
1.341802
1.441262
1.567995
1.617104
1.631641
1.681333
1.715226
1.953292
2.072521
2.080119
2.083831
2.112769
2.119867
2.175890
2.179767
2.187263
2.232322
2.259320
2.285373
2.351596
2.372891
2.378472
2.383615
2.392406
2.424429
2.444017
2.447075
2.447286
2.469760
2.482275
2.558618
2.578153
2.619111
2.636993
2.674510
2.718907
2.720011
2.740963
2.768004
2.784470
2.817824
2.856118
2.866775
2.867504
2.950767
2.983805
2.986390
3.043857
3.073880
3.127616
