0.226641
0.294141
0.333613
0.343585
0.367250
0.370745
0.373309
0.373531
0.396471
0.406246
0.420986
0.422130
0.425362
0.427288
0.428459
0.451399
0.453778
0.464255
0.468240
0.468745
0.471994
0.477161
0.482506
0.489311
0.507740
0.515800
0.527872
0.544334
0.549796
0.554109
0.580832
0.597707
0.605426
0.606026
0.606600
0.607145
0.627048
0.657950
0.672733
0.691265
0.692044
0.708264
0.716363
0.726194
0.726581
0.735820
0.745175
0.770364
0.783209
0.787957
0.813794
0.848859
0.869105
0.894720
0.904181
0.908931
1.030670
1.031752
1.092468
1.123495
1.178744
1.195169
1.222225
1.243165
1.289368
1.315455
1.334379
1.348285
1.350769
1.585816
1.610204
1.647116
1.725854
1.744125
1.768522
1.770452
1.789437
1.793298
1.825516
1.846790
1.862849
1.877187
1.885827
1.942985
1.955802
1.982759
1.998080
2.008193
2.033319
2.061210
2.061408
2.103019
2.148349
2.153212
2.222923
2.226968
2.286094
2.305961
2.326925
2.329833
