0.672043
0.735387
0.764878
0.790019
0.793772
0.821542
0.849910
0.850228
0.863968
0.885449
0.895749
0.897239
0.943341
0.945185
0.945685
0.945766
0.947843
0.948197
0.948793
0.949670
0.952426
0.956986
0.960660
0.977878
0.982810
0.983027
0.983127
1.001401
1.053787
1.062665
1.073479
1.090551
1.099383
1.131017
1.148820
1.178891
1.191368
1.199024
1.252016
1.271148
1.290712
1.436821
1.460833
1.645065
1.704691
1.712037
1.719909
1.782223
1.797583
1.867198
1.869498
1.882780
1.947580
1.961330
2.017202
2.021117
2.025818
2.035417
2.054988
2.072693
2.079442
2.085753
2.119429
2.128442
2.171364
2.196156
2.229681
2.282652
2.306233
2.338263
2.340343
2.344078
2.344757
2.357295
2.359459
2.373736
2.375530
2.380872
2.384043
2.407929
2.414551
2.429191
2.463980
2.466075
2.467854
2.557221
2.582248
2.614858
2.648396
2.741923
2.769161
2.986368
3.035593
3.093046
3.180835
3.362880
3.694520
4.155671
5.162631
6.799926
