0.317560
0.337072
0.340393
0.341426
0.344591
0.344834
0.359988
0.384771
0.394871
0.403136
0.411755
0.420432
0.427522
0.435339
0.443116
0.444722
0.446127
0.447116
0.453211
0.455571
0.462441
0.465611
0.470141
0.472088
0.478320
0.478412
0.485537
0.493084
0.500528
0.505555
0.509755
0.517364
0.527009
0.530318
0.531146
0.533834
0.542886
0.544965
0.552248
0.558116
0.558879
0.559345
0.571516
0.587751
0.594633
0.637474
0.657020
0.688804
0.744589
0.767828
0.796909
0.808457
0.814703
0.814815
0.839821
0.844306
0.862081
0.914792
0.923963
0.955908
0.999638
1.012422
1.015761
1.027270
1.034674
1.051508
1.058458
1.061970
1.088914
1.091561
1.094386
1.102995
1.109973
1.110931
1.116249
1.139684
1.182133
1.208720
1.210045
1.214875
1.260588
1.273034
1.299298
1.322033
1.338020
1.426225
1.488583
1.512462
1.553236
1.587947
1.619814
1.729865
1.731421
1.743445
1.801862
1.864846
1.891670
1.905658
1.916685
1.924177
