0.170805
0.182867
0.184418
0.184773
0.204617
0.216124
0.217979
0.222685
0.228404
0.228407
0.242501
0.253420
0.254595
0.276076
0.279535
0.311702
0.319000
0.341618
0.365541
0.377431
0.392764
0.396097
0.397227
0.397388
0.397913
0.405345
0.423117
0.428477
0.439726
0.441332
0.486466
0.488442
0.491937
0.508594
0.522439
0.523771
0.525296
0.533148
0.541402
0.546523
0.547991
0.549219
0.553106
0.553849
0.556045
0.578075
0.608195
0.618503
0.629743
0.631134
0.634285
0.653576
0.674312
0.682255
0.685228
0.695471
0.703164
0.717275
0.730931
0.738452
0.745509
0.814377
0.822760
0.978671
1.034775
1.060482
1.063849
1.069561
1.087653
1.126216
1.162520
1.204428
1.279479
1.307257
1.312631
1.315419
1.370780
1.434231
1.459853
1.466724
1.495340
1.516428
1.522114
1.667005
1.729242
1.731404
1.732078
1.732485
1.793297
1.817041
1.900115
1.912975
2.007736
2.035493
2.037530
2.068603
2.186752
2.201882
2.223486
2.231460
