0.552928
0.639238
0.716189
0.750733
0.753163
0.823415
0.850954
0.938646
0.943473
0.954140
0.958521
0.959336
0.963612
0.970539
0.977850
0.988118
0.991040
0.993781
0.994277
1.005108
1.030365
1.031560
1.088944
1.095297
1.100341
1.124663
1.131530
1.147405
1.151117
1.180387
1.181503
1.184412
1.184472
1.188862
1.231856
1.234845
1.236993
1.264385
1.301163
1.403488
1.490286
1.500510
1.603547
1.683526
1.832743
1.833147
1.833774
1.852892
1.855760
1.890167
1.896033
1.955922
1.964989
1.980117
2.045993
2.100862
2.101885
2.113713
2.125388
2.128058
2.163361
2.180598
2.181945
2.222158
2.231073
2.254630
2.258081
2.275294
2.319309
2.331416
2.346932
2.351643
2.352936
2.382596
2.422449
2.444128
2.444279
2.449161
2.467495
2.469892
2.473634
2.527790
2.570517
2.573087
2.613266
2.620869
2.652169
2.672199
2.718023
2.753389
2.754493
2.756422
2.800983
2.813382
2.845647
2.903278
2.907734
2.977638
3.046402
3.908397
