0.301650
0.302602
0.303356
0.312211
0.326686
0.331693
0.351731
0.361335
0.362531
0.365884
0.367079
0.380883
0.383278
0.383284
0.384660
0.386298
0.388680
0.391659
0.392398
0.392890
0.413814
0.415326
0.420829
0.425852
0.426135
0.426456
0.426771
0.427224
0.428200
0.429376
0.429888
0.438092
0.451729
0.453388
0.453601
0.456678
0.460575
0.462730
0.463228
0.466229
0.476991
0.483738
0.504964
0.522815
0.524007
0.538395
0.546430
0.563916
0.573569
0.577878
0.597492
0.602554
0.636173
0.666516
0.690683
0.691383
0.718289
0.726349
0.780337
0.814142
0.825669
0.836624
0.836979
0.864747
0.869662
0.872187
0.877965
0.881431
0.904876
0.906664
0.929367
0.932544
0.964861
0.971062
1.041078
1.052366
1.066423
1.068051
1.157627
1.195301
1.206302
1.206796
1.235701
1.260868
1.269353
1.274778
1.301662
1.368488
1.370859
1.381598
1.528375
1.645188
1.651104
1.728013
1.761212
1.799343
1.837222
1.913125
1.914076
2.056600
