0.054543
0.055707
0.055840
0.057670
0.058359
0.079060
0.080863
0.083167
0.083600
0.084641
0.084959
0.085274
0.087076
0.087226
0.089860
0.091622
0.092622
0.094676
0.098202
0.100194
0.105741
0.106904
0.112990
0.113947
0.114241
0.114382
0.114764
0.115013
0.115891
0.116694
0.117704
0.118195
0.119757
0.121045
0.121259
0.121433
0.124169
0.137231
0.142407
0.142720
0.142996
0.143092
0.143675
0.143808
0.144254
0.144467
0.144553
0.144730
0.145155
0.145400
0.145407
0.146279
0.146332
0.146851
0.146879
0.147159
0.148068
0.148534
0.148703
0.149040
0.150520
0.150722
0.151229
0.152769
0.153128
0.155845
0.156152
0.162213
0.162770
0.167461
0.172039
0.173068
0.174267
0.175849
0.175986
0.176755
0.178026
0.178143
0.178598
0.180062
0.181085
0.182205
0.183860
0.186299
0.203646
0.207913
0.210895
0.211236
0.211332
0.213342
0.213387
0.222899
0.242786
0.254894
0.304270
0.348817
0.401888
0.432939
0.451723
0.657605
