1264
1264
1264
1264
1264
1264
1264
1264
1264
1264
1316
1316
1316
1316
1316
1316
1316
1316
1316
1316
1320
1320
1320
1320
1320
1360
1360
1372
6252
35404
109416
93672
139700
110240
147292
248268
346916
369388
280108
399984
409172
469140
430452
340664
365536
368712
442992
516832
499344
446860
446860
464580
469496
461176
474724
461160
471936
485164
494480
510956
560456
536968
536888
479264
479264
479292
598652
607652
616020
595504
612072
640948
623900
623444
623716
645080
722928
722392
722112
623500
642820
647700
635360
700868
746376
630688
632220
657036
657872
669948
650184
649988
678252
679084
726536
783932
788496
656096
656044
680900
683008
679004
657512
657512
662256
658024
657780
657736
657736
657760
657760
657772
657760
657760
657760
657760
657772
657760
657792
657780
657780
657780
657780
657792
657780
657780
657780
657780
657792
657780
657780
657780
657780
657792
657780
657780
657780
657780
657780
657780
657792
657780
657780
657780
657780
657792
657780
657780
657780
657780
657792
657780
657780
657780
657780
657792
657780
657792
657780
657780
657780
657780
657792
657780
657780
657780
657780
657792
657780
657780
657780
657780
657780
657780
657792
657780
657780
657780
657780
657792
657780
657780
657780
657780
657792
657780
657780
657780
657780
657792
657780
657792
657780
657780
657780
657780
657792
657780
657780
657780
657780
657792
657780
657780
657780
657780
657780
657780
657792
657780
657780
657780
657780
657800
657800
657780
657792
657780
657792
657780
657780
657780
657780
657792
657780
657780
657780
657780
657792
657780
657792
657780
657780
657780
657780
657792
657780
657780
657780
657780
657792
657780
657780
657780
657780
657792
657780
657792
657780
657780
657780
657780
657792
657780
657780
657780
657780
657792
657780
657780
657780
657780
657792
657780
657792
657780
657780
657780
657780
657792
657780
657780
657780
657780
657792
657780
657780
657780
657780
657780
657780
657792
657780
657780
657792
657780
657792
657792
657780
657780
657780
657792
657780
657780
657780
657780
657792
657780
657792
657780
657780
657780
657780
657792
657780
657780
657780
657780
657792
657780
657780
657780
657780
657792
657780
657780
657780
657780
657780
657780
657792
657780
657780
657780
657780
657792
657780
657780
657780
657780
657792
657780
657792
657780
657780
657780
657780
657792
657780
657780
657780
657780
657792
657780
657780
657780
657780
657792
657780
657780
657780
657780
657780
657780
657792
657780
657780
657792
657780
657792
657780
657780
657780
657780
657792
657780
657780
657780
657780
657792
657780
657792
657780
657780
657780
657780
657792
657780
657780
657780
657780
657792
657780
657780
657780
657780
657780
657780
657792
657780
657780
657780
657780
657792
657780
657780
657548
657548
657560
657548
657548
657548
657548
657548
657548
657560
657548
657548
657544
657544
657544
657544
657544
657692
657652
657768
658264
657784
657624
657624
670340
675316
667112
675272
707948
732092
657804
703376
703920
658272
657980
679540
667384
668840
659900
659900
750400
792396
792392
751116
685596
660088
660632
660620
661628
698540
694736
673792
661308
660808
660756
686284
686220
661300
660812
661096
686520
740076
714664
661240
778180
791404
774196
720604
662948
798812
799656
787264
770972
667336
667116
667116
667368
676252
688580
688760
663452
663060
663008
687792
700968
668176
672100
667296
700296
705076
729540
696268
691892
691852
691800
827616
828424
816200
799852
700848
692732
692044
691868
691816
691816
717336
795392
787300
698768
698296
715584
715292
715080
698436
719152
724116
777468
801740
694460
830332
830868
822660
809732
694384
694352
694352
698820
699616
753044
707760
707792
707124
694500
694684
695496
695016
694464
694412
719652
724132
694728
694716
694716
694764
694768
694780
694768
694780
694768
694772
694784
694772
694784
694772
694772
694784
694772
694784
694772
694772
694772
694772
694784
694772
694784
694772
694772
694772
694772
694784
694772
694772
694784
694772
694784
694772
694772
694772
694772
694784
694772
694784
694772
694772
694772
694772
694784
694772
694772
694772
694772
694784
694772
694784
694772
694772
694784
694772
694784
694772
694772
694772
694772
694784
694772
694784
694772
694772
694772
694772
694784
694772
694772
694772
694772
694784
694772
694784
694772
694772
694772
694772
694784
694772
694772
694772
694772
694784
694772
694784
694772
694772
694772
694772
694784
694772
694772
694772
694772
694784
694772
694784
694772
694772
694772
694772
694784
694772
694772
694772
694772
694784
694772
694784
694772
694772
694772
694772
694784
694772
694772
694772
694772
694784
694772
694784
694772
694772
694772
694772
694784
694772
694784
694772
694772
694772
694772
694784
694772
694772
694772
694772
694784
694772
694784
694772
694772
694772
694772
694784
694772
694772
694772
694772
694784
694772
694784
694772
694772
694772
694772
694784
694772
694772
694772
694772
694784
694772
694784
694772
694772
694772
694772
694784
694772
694772
694772
694772
694784
694772
694772
694772
694772
694772
694772
694784
694772
694772
694772
694772
694784
694772
694784
694772
694772
694772
694772
694784
694772
694772
694772
694772
694772
694772
694784
694772
694772
694772
694772
694784
694772
694772
694772
694772
694772
694772
694784
694772
694772
694772
694772
694784
694772
694772
694772
694772
694784
694772
694784
694772
694772
694772
694772
694784
694772
694784
694772
694772
694772
694772
694784
694772
694772
694772
694772
694784
694772
694784
694772
694772
694772
694772
694784
694772
694772
694772
694772
694784
694772
694784
694772
694772
694772
694772
694784
694772
694772
694772
694772
694772
694772
694784
694772
694772
694772
694772
694784
694772
694784
694772
694772
694772
694772
694784
694772
694772
694424
694424
694436
694424
694436
694424
694424
694424
694424
694436
694424
694424
694420
694420
694420
694420
694420
694420
694420
694448
694448
694556
694484
694484
761016
752312
694584
694484
780656
831244
843396
712068
694756
696608
698004
833856
834724
814192
814072
735352
698092
698020
796868
789628
731800
785184
764640
698144
698112
723040
724044
744168
809712
739292
702188
702188
838024
838864
850932
803776
803672
803064
802992
807252
808024
820404
855184
817712
805344
805900
805124
805064
805064
830204
855508
855436
855408
854660
833700
842272
855348
869684
848320
848192
848140
906364
885972
873460
848224
848320
857424
853488
848976
848372
848340
857036
856352
857364
857344
857596
858468
858376
858492
907708
907552
861456
861436
861416
861720
863556
896064
867456
867104
866404
866404
866644
867488
867328
866780
866504
866540
866668
866688
866676
866676
866688
866724
866744
866732
866732
866732
866732
866744
866732
866732
866732
866732
866744
866732
866744
866732
866732
866744
866732
866744
866732
866732
866744
866732
866744
866732
866732
866744
866732
866744
866732
866744
866732
866732
866744
866732
866744
866732
866744
866732
866732
866744
866732
866744
866732
866732
866732
866732
866744
866732
866744
866744
866732
866744
866732
866744
866732
866744
866732
866732
866732
866732
866744
866732
866732
866732
866732
866744
866732
866744
866732
866732
866732
866732
866744
866732
866744
866744
866732
866744
866732
866744
866732
866732
866744
866732
866744
866732
866744
866732
866732
866744
866732
866744
866732
866732
866732
866732
866744
866732
866744
866732
866732
866732
866732
866744
866732
866744
866732
866732
866744
866732
866744
866732
866732
866732
866732
866744
866732
866744
866732
866732
866744
866732
866744
866732
866744
866732
866732
866732
866732
866744
866732
866732
866732
866732
866744
866732
866744
866732
866732
866732
866732
866744
866732
866732
866732
866732
866744
866732
866744
866732
866732
866732
866732
866732
866732
866744
866732
866732
866732
866732
866744
866732
866744
866732
866732
866732
866732
866744
866732
866744
866732
866732
866744
866732
866744
866732
866732
866744
866732
866744
866732
866744
866732
866732
866744
866732
866744
866744
866744
866732
866732
866744
866732
866744
866744
866732
866744
866732
866744
866732
866744
866732
866732
866744
866732
866744
866732
866744
866732
866732
866732
866732
866744
866732
866744
866744
866732
866732
866732
866744
866732
866732
866732
866732
866744
866732
866744
866732
866732
866732
866732
866744
866732
866744
866732
866732
866732
866732
866744
866732
866732
866732
866732
866744
866732
866744
866732
866732
866732
866732
866744
866732
866744
866732
866732
866744
866732
866744
866732
866732
866744
866732
866744
866732
866744
866732
866732
866744
866732
866744
866732
866744
866732
866732
866732
866732
866744
866732
866732
866732
866384
866384
866384
866396
866384
866384
866396
866384
866396
866384
866396
866368
866368
866368
866368
866416
866404
866496
866464
866424
866488
866424
866928
866852
866588
866528
866528
875036
871884
916856
867636
866700
866552
866552
867100
871596
892064
866772
866624
866572
866572
896188
892408
879904
867452
867536
867424
866804
866604
866604
928632
929016
916500
866760
866728
866704
866672
866620
866620
870972
871756
867700
867708
867656
867708
867708
867624
871792
867660
868212
868100
944556
945312
949640
883040
882904
924496
921060
920992
920200
925516
926380
926272
925688
925352
937928
938720
963344
965836
932404
932352
932352
940812
941612
941604
949576
929148
929552
929552
929744
941348
933112
932144
932072
932816
932568
932504
932524
932512
932524
932512
932596
932524
932524
932536
932524
932536
932524
932548
932536
932536
932548
932416
932428
932416
932428
932416
932416
932428
932416
932428
932416
932416
932488
932476
932488
932476
932500
932476
932476
932488
932476
932488
932488
932476
932488
932476
932488
932476
932488
932476
932476
932476
932476
932488
932476
932488
932476
932476
932488
932476
932500
932488
932488
932488
932476
932488
932476
932488
932476
932488
932488
932516
932528
932476
932488
932488
932476
932488
932476
932488
932476
932488
932476
932476
932476
932476
932488
932476
932488
932476
932476
932488
932476
932488
932476
932488
932476
932476
932500
932476
932488
932476
932476
932476
932476
932476
932476
932488
932476
932476
932476
932476
932488
932476
932488
932476
932476
932476
932476
932488
932476
932488
932488
932476
932488
932476
932488
932476
932488
932476
932476
932488
932476
932488
932476
932476
932476
932476
932488
932476
932500
932476
932476
932476
932476
932488
932476
932488
932476
932476
932488
932476
932488
932476
932488
932476
932476
932476
932476
932488
932476
932488
932476
932476
932476
932476
932488
932476
932500
932476
932476
932476
932476
932488
932476
932500
932476
932476
932476
932476
932488
932476
932488
932488
932476
932488
932476
932488
932476
932476
932488
932488
932488
932476
932476
932476
932476
932476
932476
932488
932476
932488
932476
932476
932476
932476
932488
932476
932500
932476
932476
932488
932476
932488
932476
932476
932436
932416
932452
932452
932476
932476
932500
932476
932500
932476
932476
932476
932476
932488
932476
932476
932476
932476
932488
932476
932488
932488
932476
932488
932476
932488
932476
932500
932476
932476
932476
932476
932488
932476
932488
932476
932476
932476
932476
932488
932476
932488
932476
932476
932476
932476
932488
932476
932488
932476
932476
932476
932476
932488
932476
932500
932476
932476
932476
932476
932488
932476
932488
932476
932476
932476
932476
932488
932476
932488
932100
932100
932100
932100
932112
932100
932100
932100
932100
932100
932100
932100
932100
932100
932100
932100
932140
932128
932232
932244
932212
932308
932220
932296
932520
932308
932208
932208
944628
945644
945404
936360
936236
936504
937240
937092
936416
936324
990540
944664
936208
936208
993884
1002948
1003040
1002988
1003068
1003800
937644
1003484
1004284
1012816
993548
984644
984576
984576
984576
984576
984576
984576
984580
947520
947520
947944
948700
951272
951248
951196
967552
967520
967612
951148
951140
951268
951332
963592
965364
965532
966588
954276
954256
954256
967084
963724
959604
959616
967692
992184
983760
954360
954288
954556
955356
971604
1004168
1008464
975068
954372
999732
1025136
1011412
1011100
1011400
957088
956856
956856
961556
961336
960772
960556
964924
965676
960756
960640
960568
977204
978036
964840
964672
964620
1022436
1010328
964812
965036
964972
965004
964992
965068
965072
965064
965064
965016
965004
965004
965004
965004
965056
965044
965012
965024
965012
965036
965024
965036
965024
965024
965048
965024
965036
965024
965036
965024
965024
965048
965036
965048
965024
965036
965036
965024
965024
965024
965048
965024
965048
965024
965024
965036
965024
965048
965024
965024
965036
965024
965036
965024
965048
965024
965024
965024
965024
965036
965024
965048
965024
965024
965024
965024
965036
965024
965048
965024
965024
965024
965024
965036
965024
965048
965036
965024
965024
965024
965036
965024
965048
965036
965024
965024
965024
965048
965024
965136
965112
965112
965112
965112
965124
965112
965140
965116
965116
965128
965116
965128
965116
965140
965116
965128
965128
965116
965128
965116
965164
965140
965140
965152
965140
965152
965140
965164
965140
965152
965140
965140
965152
965140
965164
965140
965152
965140
965140
965152
965140
965168
965144
965168
965156
965156
965168
965144
965168
965144
965168
965156
965144
965156
965144
965168
965144
965144
965156
965144
965144
965144
965156
965144
965168
965144
965144
965144
965144
965156
965144
965168
965144
965144
965156
965144
965156
965144
965168
965144
965144
965156
965144
965156
965144
965168
965144
965156
965144
965144
965156
965144
965168
965144
965168
965144
965144
965156
965144
965168
965144
965156
965144
965144
965156
965144
965168
965144
965168
965144
965144
965156
965144
965168
965144
965156
965144
965144
965156
965144
965168
965144
965156
965144
965144
965168
965144
965156
965144
965168
965144
965144
965156
965144
965156
965144
965168
965144
965144
965156
965156
965144
965144
965232
965200
965168
965168
965168
965180
965168
965192
965168
965192
965180
965168
965180
965168
965192
965168
965180
965168
965168
965168
965168
965192
965168
965180
965180
965168
965180
965168
965192
965168
965192
965168
965168
965168
965168
965192
965168
965192
965180
965168
965168
965168
965192
965180
965192
965180
965168
964852
964792
964804
964792
964804
964804
964792
964804
964792
964804
964792
964832
964792
964792
964792
964792
964820
964820
964860
964840
964840
964992
964948
965072
965232
965020
965652
965128
965244
965016
964964
965660
964972
965228
964980
965124
965640
965148
965020
964968
1035020
1035900
1019404
1018968
964976
972176
977256
964620
964440
967856
1038380
1038708
997688
972432
972008
972000
972000
1010964
1011588
991100
991048
1015680
1029984
988668
988968
989732
989788
989396
989584
990532
990268
989792
989592
989776
990628
990664
993556
992940
992580
992580
992704
1014176
1026544
1042784
992812
992764
993336
992628
993616
993192
992908
992860
992996
992920
992920
1014132
1010152
1002388
1045776
1063564
1062820
992920
1067304
1067692
1067760
1067020
993088
1058824
993040
1037612
1037744
1037360
1037116
992940
1071592
1071976
1088176
1084264
997252
997212
997212
997668
998224
1010552
997516
997264
997244
997244
1075840
1079960
1034388
1009576
1009576
1075788
1076368
1075840
1075624
1075564
1026316
997480
1033692
1030288
1030236
1029436
1029184
1108228
1107884
1107544
1066616
1029736
1029656
1029552
1029748
1029628
1029576
1029608
1029620
1029620
1029676
1029608
1029668
1029608
1029776
1029680
1029728
1029628
1029628
1029628
1029652
1029688
1029688
1029628
1029672
1029628
1029692
1029628
1029704
1029680
1029628
1029628
1029628
1029684
1029628
1029652
1029628
1029628
1029640
1029628
1029652
1029628
1029652
1029628
1029628
1029640
1029628
1029640
1029628
1029652
1029628
1029628
1029640
1029628
1029660
1029616
1029640
1029616
1029616
1029628
1029628
1029652
1029628
1029652
1029628
1029628
1029628
1029628
1029628
1029628
1029652
1029628
1029640
1029628
1029628
1029640
1029628
1029652
1029628
1029652
1029628
1029628
1029640
1029640
1029652
1029628
1029652
1029628
1029628
1029628
1029628
1029640
1029628
1029652
1029640
1029652
1029628
1029628
1029640
1029628
1029640
1029628
1029652
1029640
1029628
1029628
1029628
1029640
1029628
1029652
1029628
1029640
1029640
1029628
1029652
1029628
1029652
1029628
1029652
1029628
1029628
1029640
1029628
1029652
1029628
1029652
1029628
1029628
1029628
1029628
1029640
1029628
1029652
1029628
1029652
1029628
1029628
1029640
1029628
1029652
1029628
1029652
1029628
1029640
1029628
1029628
1029628
1029628
1029652
1029628
1029652
1029628
1029628
1029640
1029628
1029652
1029628
1029652
1029628
1029628
1029628
1029628
1029640
1029628
1029652
1029628
1029640
1029640
1029628
1029640
1029628
1029652
1029628
1029652
1029628
1029628
1029640
1029628
1029652
1029628
1029652
1029628
1029640
1029628
1029628
1029640
1029628
1029652
1029628
1029652
1029628
1029628
1029628
1029628
1029652
1029628
1029652
1029628
1029628
1029628
1029628
1029640
1029628
1029652
1029628
1029652
1029628
1029628
1029628
1029628
1029652
1029628
1029652
1029628
1029628
1029628
1029628
1029640
1029628
1029652
1029628
1029652
1029628
1029628
1029628
1029628
1029652
1029628
1029652
1029640
1029628
1029628
1029628
1029652
1029628
1029652
1029628
1029652
1029628
1029628
1029652
1029628
1029652
1029628
1029652
1029628
1029628
1029628
1029628
1029652
1029628
1029652
1029628
1029640
1029628
1029628
1029680
1029616
1029640
1029616
1029652
1029628
1029628
1029628
1029628
1029640
1029628
1029652
1029628
1029652
1029628
1029628
1029640
1029628
1029652
1029196
1029220
1029196
1029196
1029196
1029196
1029208
1029196
1029220
1029196
1029208
1029180
1029180
1029180
1029180
1029180
1029180
1029252
1029228
1029228
1029260
1029228
1029272
1029228
1036424
1036788
1036424
1036264
1036264
1107880
1108388
1029336
1029236
1029592
1030292
1029420
1029652
1029372
1030208
1033368
1037304
1036980
1059660
1061160
1060920
1061412
1061712
1064896
1061528
1068516
1065236
1121116
1159144
1150676
1175440
1170820
1170344
1170304
1232540
1233100
1199640
1172940
1223516
1224352
1225820
1175952
1175604
1175520
1175520
1262096
1271124
1270996
1270712
1270044
1269952
1269952
1309268
1340908
1341032
1308188
1279032
1278668
1278372
1331988
1336920
1338576
1338100
1262056
1282872
1283736
1283424
1262200
1262760
1308332
1304896
1292688
1283832
1283292
1283240
1285652
1359904
1360688
1337856
1288480
1288076
1287632
1287612
1288316
1297120
1288404
1288152
1288100
1288728
1303436
1290636
1290280
1290248
1290196
1290196
1294688
1295348
1294948
1294616
1294640
1294640
1294628
1294724
1294704
1294652
1294800
1294640
1294640
1294640
1294664
1294640
1294640
1294640
1294652
1294640
1294640
1294640
1294640
1294700
1294640
1294700
1294640
1294728
1294704
1294640
1294640
1294640
1294704
1294628
1294628
1294628
1294716
1294680
1294628
1294628
1294628
1294628
1294832
1294640
1294640
1294640
1294696
1294660
1294640
1294640
1294696
1294640
1294664
1294652
1294640
1294692
1294640
1294660
1294628
1294684
1294628
1294652
1294640
1294628
1294640
1294640
1294664
1294640
1294664
1294640
1294664
1294640
1294640
1294652
1294640
1294664
1294640
1294664
1294640
1294640
1294640
1294640
1294652
1294640
1294664
1294640
1294640
1294640
1294640
1294640
1294640
1294664
1294652
1294652
1294652
1294640
1294652
1294640
1294664
1294640
1294664
1294640
1294640
1294628
1294628
1294640
1294628
1294664
1294640
1294664
1294652
1294640
1294652
1294640
1294664
1294640
1294664
1294640
1294640
1294640
1294640
1294640
1294640
1294664
1294640
1294684
1294640
1294640
1294640
1294640
1294664
1294640
1294664
1294652
1294664
1294640
1294640
1294660
1294628
1294672
1294628
1294664
1294640
1294652
1294640
1294640
1294640
1294652
1294664
1294640
1294664
1294640
1294640
1294660
1294628
1294652
1294628
1294684
1294628
1294628
1294628
1294628
1294664
1294640
1294664
1294640
1294664
1294652
1294640
1294664
1294640
1294664
1294640
1294664
1294640
1294664
1294640
1294640
1294684
1294640
1294664
1294640
1294664
1294640
1294640
1294628
1294628
1294652
1294628
1294664
1294640
1294664
1294640
1294640
1294640
1294640
1294664
1294640
1294664
1294640
1294640
1294640
1294640
1294652
1294640
1294664
1294640
1294664
1294652
1294652
1294640
1294640
1294664
1294640
1294664
1294628
1294652
1294640
1294628
1294664
1294640
1294664
1294640
1294664
1294640
1294640
1294640
1294640
1294640
1294640
1294664
1294640
1294652
1294640
1294640
1294652
1294640
1294664
1294640
1294664
1294640
1294664
1294640
1294640
1294652
1294640
1294664
1294640
1294664
1294640
1294640
1294652
1294652
1294652
1294640
1294696
1294640
1294664
1294640
1294640
1294640
1294640
1294664
1294640
1294684
1294640
1294652
1294652
1294640
1294652
1294640
1294664
1294640
1294664
1294640
1294220
1294208
1294208
1294220
1294220
1294208
1294208
1294208
1294220
1294208
1294208
1294208
1294208
1294208
1294208
1294208
1294208
1294208
1294208
1294208
1294208
1294208
1294208
1294208
1294208
1294208
1294208
1294208
1294208
1294208
1294208
1294208
1294208
1294208
1294248
1294236
1294320
1294296
1294264
1294360
1294316
1294448
1294340
1294280
1294396
1294268
1294376
1294256
1294256
1294392
1294256
1294556
1294728
1294356
1294232
1294232
1294756
1295312
1295344
1294540
1294400
1365228
1331504
1290308
1290288
1372652
1373500
1373520
1373452
1372688
1343808
1290312
1315224
1316104
1303660
1290468
1290344
1315288
1316096
1300132
1299972
1299188
1299136
1299136
1324064
1324944
1300172
1299880
1324672
1324140
1291180
1291180
1291160
1306204
1357892
1357940
1304608
1304624
1308044
1307640
1307568
1307568
1307568
1307568
1307536
1307536
1307528
1307528
1378496
1382676
1383828
1293644
1293400
1292784
1292644
1322280
1321528
1321276
1321256
1329720
1330536
1363332
1379744
1379620
1323976
1323680
1340240
1341056
1343196
1342564
1342428
1342428
1342428
1342428
1342428
1342428
1342428
1342412
1342412
1342412
1342412
1342412
1342652
1342700
1342712
1342640
1342680
1342932
1347912
1343748
1351960
1352180
1327084
1326480
1326480
1326544
1326540
1326480
1326480
1326480
1326480
1326552
1326592
1326576
1326612
1326544
1326608
1326544
1326544
1326544
1326556
1326556
1326556
1326692
1326556
1326616
1326576
1326576
1326600
1326576
1326600
1326556
1326556
1326556
1326556
1326556
1326556
1326664
1326556
1326544
1326544
1326544
1326604
1326680
1326556
1326544
1326544
1326544
1326544
1326544
1326544
1326544
1326604
1326868
1326708
1326652
1326652
1326652
1326760
1326640
1326720
1326708
1326748
1326692
1326692
1326736
1326704
1326736
1326696
1326860
1326796
1326840
1326816
1326816
1326784
1326784
1326872
1326784
1326808
1326784
1326840
1326784
1326796
1326784
1326784
1326828
1326784
1326828
1326784
1326808
1326784
1326784
1326784
1326784
1326828
1326784
1326784
1326840
1326816
1326784
1326784
1326860
1326784
1326828
1326784
1326808
1326784
1326784
1326784
1326784
1326848
1326848
1326784
1326784
1326784
1326784
1326808
1326784
1326784
1326840
1326784
1326860
1326824
1326784
1326784
1326784
1326872
1326784
1326804
1326772
1326816
1326760
1326836
1326760
1326760
1326804
1326772
1326808
1326784
1326808
1326784
1326784
1326804
1326772
1326816
1326804
1326840
1326784
1326808
1326784
1326808
1326772
1326772
1326772
1326772
1326828
1326784
1326860
1326772
1326772
1326816
1326772
1326816
1326804
1326828
1326784
1326840
1326784
1326784
1326796
1326784
1326808
1326784
1326840
1326784
1326784
1326784
1326784
1326796
1326784
1326808
1326796
1326840
1326784
1326784
1326828
1326784
1326804
1326772
1326796
1326772
1326840
1326828
1326784
1326828
1326784
1326808
1326784
1326808
1326808
1326840
1326816
1326828
1326784
1326784
1326816
1326796
1326840
1326784
1326808
1326784
1326828
1326784
1326784
1326828
1326784
1326796
1326784
1326872
1326836
1326796
1326836
1326784
1326804
1326772
1326796
1326760
1326828
1326772
1326772
1326796
1326784
1326808
1326784
1326808
1326784
1326816
1326784
1326784
1326796
1326796
1326784
1326784
1326872
1326784
1326808
1326796
1326796
1326784
1326796
1326872
1326784
1326816
1326772
1326796
1326772
1326772
1326796
1326784
1326804
1326784
1326828
1326784
1326408
1326384
1326352
1326364
1326352
1326376
1326352
1326364
1326352
1326376
1326352
1326352
1326352
1326352
1326352
1326352
1326352
1326352
1326352
1326352
1326352
1326352
1326352
1326352
1326352
1326352
1326352
1326352
1326352
1326352
1326352
1326352
1326352
1326352
1326352
1326352
1326352
1326352
1326352
1326352
